RefrehTime: 1, RefreshNum: 10, Precision: 0.9230769230769231, Recall: 0.1875, F: 0.3116883116883117, A: 0.5092592592592593
RefrehTime: 2, RefreshNum: 20, Precision: 0.9230769230769231, Recall: 0.1875, F: 0.3116883116883117, A: 0.5092592592592593
