RefrehTime: 1, RefreshNum: 10, Precision: 0.5454545454545454, Recall: 0.0392156862745098, F: 0.07317073170731707, A: 0.4933333333333333
RefrehTime: 2, RefreshNum: 20, Precision: 0.5454545454545454, Recall: 0.0392156862745098, F: 0.07317073170731707, A: 0.4933333333333333
