RefrehTime: 1, RefreshNum: 10, Precision: 0.8301886792452831, Recall: 0.11458333333333333, F: 0.20137299771167047
RefrehTime: 2, RefreshNum: 20, Precision: 0.8301886792452831, Recall: 0.11458333333333333, F: 0.20137299771167047
